192.8
333.3
163.0
151.9
164.8
183.2
185.4
177.2
358.5
126.4
191.0
146.2
168.6
179.2
179.7
161.4
488.8
194.1
233.5
163.6
403.4
160.3
138.8
187.5
171.4
260.5
173.5
518.6
225.7
162.2
157.4
201.6
147.3
170.7
384.9
169.5
241.5
202.4
170.0
165.0
179.3
151.6
194.8
179.3
219.6
213.9
392.4
188.8
133.5
189.5
181.5
141.8
210.7
354.4
154.9
415.5
180.1
219.0
381.6
188.2
182.4
219.7
179.7
187.4
216.7
186.3
146.3
169.5
128.0
236.1
196.7
186.0
187.0
159.6
247.5
366.3
181.8
185.7
172.7
162.6
238.8
201.6
155.2
158.4
136.5
213.7
150.3
129.2
198.4
215.1
180.3
175.3
215.3
262.7
263.9
245.3
348.7
193.0
158.8
157.1
195.9
172.1
233.6
147.7
346.6
169.7
157.3
153.2
192.7
141.6
217.2
368.2
162.5
176.9
140.6
257.3
217.7
157.2
156.3
327.5
164.4
128.8
257.2
174.9
149.9
190.0
189.6
130.7
223.9
160.9
189.2
181.4
146.3
131.5
148.4
148.4
139.0
268.6
192.7
140.0
143.8
345.9
155.2
157.9
157.9
119.9
193.1
365.9
336.7
142.2
173.3
536.4
161.5
132.3
341.2
145.4
185.4
425.0
150.6
380.9
176.2
194.7
182.1
163.7
362.8
193.0
171.6
148.8
221.2
143.0
221.0
173.0
190.0
209.4
363.9
195.8
215.4
204.0
172.6
196.0
160.0
215.3
189.4
230.3
586.0
157.1
172.8
164.0
184.6
170.2
117.5
141.0
138.0
223.5
291.1
340.4
139.6
134.4
188.7
191.1
150.0
129.6
256.7
143.6
170.7
130.5
125.9
167.1
142.3
169.5
197.2
151.2
165.5
175.0
341.5
171.6
185.9
346.9
146.5
220.4
213.8
153.8
162.3
413.1
152.2
242.3
177.6
220.1
167.5
134.3
156.9
161.4
139.5
162.5
352.5
198.3
167.9
165.8
161.0
442.4
160.7
184.5
167.2
181.1
185.4
332.8
275.5
248.1
138.0
156.3
159.8
164.4
155.5
168.1
164.9
173.5
367.2
196.2
145.7
320.2
172.1
188.3
129.9
181.7
388.3
166.0
174.4
139.0
180.2
195.8
378.0
162.1
144.1
379.9
186.1
134.6
155.6
225.1
138.4
144.2
254.6
187.3
414.1
148.3
181.5
166.6
172.2
190.2
167.0
244.3
166.4
350.4
222.5
258.1
181.0
185.9
220.1
129.7
156.8
146.7
234.8
133.6
192.7
173.4
210.3
361.9
162.6
167.0
119.9
399.0
153.4
149.8
173.8
197.1
143.2
130.8
170.2
183.7
133.4
197.3
152.0
166.3
174.2
170.5
191.6
184.1
139.1
221.6
156.4
222.2
387.2
312.5
144.8
206.0
255.8
165.8
116.6
152.9
141.7
381.6
166.7
179.2
155.1
203.1
154.3
176.0
160.0
197.5
198.2
393.7
171.3
205.0
159.4
239.0
152.9
150.8
399.8
184.3
162.6
165.8
185.2
148.3
233.8
180.2
143.6
207.2
136.8
161.7
203.5
190.4
387.4
349.7
361.4
179.8
166.6
167.0
137.5
168.7
409.4
145.1
551.4
141.2
143.8
149.9
180.0
146.8
254.3
219.3
163.4
265.8
162.3
230.7
175.5
150.0
169.0
200.1
483.8
173.9
147.6
208.2
190.9
173.0
158.6
396.2
180.2
155.9
120.2
222.2
166.1
376.4
146.0
137.5
581.3
131.4
221.8
165.5
147.3
143.1
165.4
157.3
308.7
206.1
215.8
202.2
140.9
157.5
134.5
469.4
191.2
134.2
162.9
223.3
251.1
212.2
160.6
159.9
148.3
159.8
187.5
173.5
327.5
194.8
177.3
447.1
165.6
198.1
168.1
374.5
396.9
151.3
142.4
192.1
135.5
376.8
206.3
164.0
147.8
224.3
146.6
170.2
166.4
227.2
178.8
161.0
152.0
171.5
169.3
169.3
196.2
145.8
169.2
136.5
181.7
174.7
154.2
260.6
256.0
342.4
130.6
210.3
186.3
135.2
151.9
144.2
135.1
222.4
184.9
225.3
217.8
180.0
173.0
131.3
216.1
159.9
177.3
159.8
163.4
188.0
198.6
125.7
168.8
176.3
166.3
155.3
164.0
158.8
641.6
305.6
185.2
180.0
453.7
140.9
156.6
390.1
210.0
161.5
159.3
219.1
262.6
148.7
229.3
369.4
243.2
197.9
209.0
181.6
154.3
231.0
147.4
181.0
226.0
362.9
260.2
222.7
171.8
207.3
177.4
150.5
187.3
231.0
256.3
250.5
425.2
353.8
129.8
161.9
167.9
148.6
167.8
310.7
139.5
170.6
338.3
329.4
147.6
341.7
183.3
168.2
151.3
162.8
162.9
171.3
230.0
159.4
210.2
222.6
196.2
180.2
534.3
397.6
212.3
184.3
189.8
244.2
182.0
356.6
168.3
122.6
181.6
176.5
137.4
165.0
192.7
198.9
213.3
304.3
152.1
179.5
190.9
155.2
356.4
235.2
514.2
142.4
138.3
168.2
396.3
211.2
132.1
255.3
194.8
150.9
131.2
225.7
185.9
355.0
181.7
173.1
144.7
151.8
196.5
170.7
152.3
136.8
160.6
170.6
395.7
136.1
145.1
154.3
436.4
195.1
181.2
157.9
183.5
162.9
391.9
163.3
181.1
160.5
155.5
167.6
171.0
156.3
519.4
176.2
165.8
225.9
193.5
216.1
325.9
158.6
168.5
151.5
225.4
167.0
161.7
196.8
188.7
392.4
166.2
208.7
237.5
187.7
141.8
132.3
171.2
157.1
224.3
225.6
135.3
367.2
173.8
155.5
191.4
175.3
180.7
176.5
141.3
138.9
159.4
193.8
186.4
383.1
234.0
147.8
223.5
137.8
146.6
136.2
199.3
172.6
254.4
161.1
144.7
206.3
140.5
183.4
155.8
252.2
207.4
199.4
156.0
181.2
144.0
162.9
156.6
355.4
326.7
367.5
167.3
217.3
191.6
220.1
125.3
125.7
180.8
154.1
180.7
116.0
177.6
225.1
161.9
206.8
386.4
132.7
149.7
145.6
200.8
225.3
155.2
164.3
185.8
280.5
167.2
190.4
152.5
173.5
267.4
195.7
154.2
197.7
191.3
153.3
142.9
194.8
131.7
186.2
160.7
211.5
209.3
151.4
206.8
150.3
130.3
164.4
140.4
202.4
369.9
167.1
150.9
236.2
171.2
176.0
153.6
128.8
174.1
153.3
163.0
203.9
173.9
202.2
179.8
533.8
171.3
152.7
558.2
148.4
401.3
185.9
187.9
175.0
335.5
163.5
212.8
155.3
180.4
166.1
123.7
379.4
193.3
197.8
177.8
398.2
311.9
172.7
174.4
154.8
199.8
164.6
155.3
146.4
405.4
126.0
175.4
145.1
165.8
182.5
385.5
186.8
398.2
153.0
343.6
150.7
200.8
152.5
184.4
166.2
196.2
185.1
152.4
128.2
180.5
187.6
164.4
196.2
410.2
212.5
182.7
161.3
191.1
165.5
349.3
145.3
145.4
188.9
180.6
136.1
128.8
206.6
204.5
166.8
281.6
158.4
178.4
146.6
189.9
187.4
240.4
393.3
202.7
157.9
184.6
168.3
181.0
388.2
165.5
175.4
140.4
181.0
159.8
181.3
144.6
314.5
184.1
225.9
161.5
134.8
182.0
173.7
183.4
177.5
171.6
422.0
249.6
166.4
141.6
168.7
142.5
202.2
114.0
187.8
178.8
178.5
155.6
154.5
177.6
137.1
181.3
181.1
185.4
173.8
141.6
221.9
208.4
146.3
218.3
175.2
219.5
341.2
167.0
159.5
155.2
192.8
154.2
164.3
224.4
150.5
139.9
540.1
395.2
223.8
158.1
154.6
142.0
167.2
162.5
162.7
167.7
193.8
164.0
189.3
525.7
178.9
141.8
194.8
490.5
183.6
145.0
178.7
182.9
128.0
225.8
160.7
140.1
197.5
179.8
220.6
161.3
220.9
208.0
194.7
155.4
470.1
150.2
214.6
144.3
203.4
160.4
172.9
173.7
161.0
139.8
180.3
154.6
312.4
173.8
142.6
159.4
181.0
148.3
179.1
125.5
136.6
175.3
214.7
136.8
215.7
178.2
141.4
323.4
250.4
164.0
156.1
256.8
193.6
182.3
138.3
208.4
127.4
172.5
387.7
177.5
170.7
172.1
174.0
169.0
183.6
168.3
205.5
148.0
157.8
400.3
167.1
172.2
191.1
180.4
211.1
234.3
164.8
232.9
182.4
168.3
133.5
168.6
186.1
191.9
179.2
205.4
182.0
186.9
183.8
155.3
165.1
190.4
180.5
136.1
163.9
142.8
132.4
151.6
159.2
172.3
143.8
165.9
175.8
144.6
137.1
138.7
232.3
216.0
135.4
193.9
166.4
184.7
191.2
209.6
205.6
177.3
183.3
322.6
157.8
184.2
131.9
161.4
204.9
181.1
198.4
182.5
371.2
179.9
298.7
252.9
198.8
407.8
189.1
173.2
161.3
200.5
244.6
154.2
200.8
154.8
188.0
233.9
170.4
210.7
132.8
314.0
148.3
205.1
191.6
160.3
311.8
182.7
142.3
156.6
152.2
153.2
374.0
197.1
140.6
200.4
150.9
128.9
197.4
377.4
197.9
186.2
137.2
230.7
169.2
148.5
184.5
184.1
144.0
187.8
146.3
157.1
170.1
152.0
197.4
149.6
145.6
198.1
182.0
145.9
164.2
195.5
155.8
145.5
165.7
191.7
172.5
156.3
197.2
203.2
181.7
177.4
172.0
181.5
150.9
176.2
161.5
192.2
118.1
143.5
203.0
129.7
153.2
174.5
170.6
219.0
377.2
230.1
191.8
195.3
197.5
204.5
452.3
273.8
131.7
177.9
120.6
130.8
160.8
217.3
127.0
180.1
161.2
159.1
240.7
156.5
186.3
466.1
175.0
270.2
171.9
197.4
242.0
146.0
135.3
172.3
247.4
179.8
450.7
176.1
142.4
182.7
368.5
165.1
165.4
161.0
153.9
512.3
211.5
350.5
180.1
213.1
262.8
152.7
221.7
175.0
144.2
166.3
160.6
206.9
194.7
409.1
214.5
171.3
193.3
183.4
175.5
158.1
171.3
188.6
151.0
152.3
193.8
138.6
305.4
159.2
154.3
168.2
187.8
155.3
138.7
174.3
408.3
320.2
175.2
190.5
197.8
228.4
145.3
151.8
150.6
213.0
224.9
220.7
133.0
152.0
203.4
169.9
158.3
191.8
184.4
169.8
181.6
186.3
140.8
223.6
168.6
243.2
214.4
120.6
181.0
236.6
237.1
234.1
170.0
200.1
192.4
387.6
145.0
139.4
132.7
167.2
245.7
205.0
192.8
180.9
155.4
210.6
199.3
174.8
167.5
167.7
275.3
180.7
313.5
135.7
218.0
178.1
169.5
165.4
180.6
157.9
162.7
253.6
564.7
171.4
226.7
386.8
146.2
233.7
178.7
174.8
159.6
193.1
424.8
427.7
165.0
131.0
411.0
148.9
558.5
206.0
336.4
207.1
551.0
219.3
221.7
173.2
396.0
144.6
145.5
166.2
193.3
164.2
169.1
208.1
183.4
147.8
143.5
165.3
177.0
333.5
147.3
206.5
153.0
172.1
183.9
237.0
183.4
160.1
176.7
487.5
170.2
240.8
206.1
165.7
214.3
232.1
144.6
142.6
162.5
199.9
129.5
131.6
170.3
169.8
127.0
510.9
184.7
143.6
166.1
185.4
174.8
177.4
177.3
183.3
356.7
191.1
272.7
181.9
159.4
449.4
173.3
174.4
165.6
285.8
181.0
189.2
134.9
317.7
291.2
253.1
187.8
157.7
164.1
238.3
176.9
177.2
170.0
204.8
158.3
171.9
167.6
373.8
215.6
448.3
146.7
168.7
181.3
151.8
224.7
239.5
334.4
176.1
123.8
168.0
163.5
165.1
136.6
165.1
231.6
119.0
160.6
203.1
290.1
309.7
125.8
158.6
138.6
201.6
157.9
133.1
134.0
173.6
162.9
182.7
181.0
137.0
151.0
131.7
189.9
330.3
185.7
170.8
153.1
166.4
188.5
166.8
151.8
168.0
137.1
212.7
352.1
148.0
161.0
163.0
423.6
461.1
143.2
137.3
207.3
170.2
178.3
207.2
220.1
123.7
155.8
220.5
377.1
172.5
177.2
353.0
185.4
197.1
180.9
396.2
140.8
209.4
128.7
220.3
163.4
318.3
180.5
161.8
153.4
183.2
177.7
175.2
142.3
202.8
182.4
181.3
149.2
143.6
137.1
178.0
330.5
149.9
187.4
133.5
174.1
146.9
388.6
156.9
151.7
123.4
163.5
188.6
183.1
170.5
186.6
170.8
350.6
165.2
148.6
246.3
198.3
172.4
126.0
142.8
183.6
164.1
383.8
193.0
125.1
140.3
153.7
146.9
178.2
202.5
160.6
154.8
159.5
198.0
142.4
178.8
184.3
210.0
426.3
240.1
199.2
151.2
149.2
131.0
210.7
364.6
536.4
154.5
170.1
209.6
210.7
173.9
208.2
129.1
385.1
179.7
204.7
414.2
405.8
140.4
143.6
158.2
327.2
149.2
174.1
169.3
136.5
158.1
158.5
183.0
130.8
335.5
166.1
202.3
211.5
145.0
192.0
129.6
196.2
154.5
206.5
136.0
153.7
175.5
237.7
180.7
183.5
184.0
222.0
129.6
135.5
162.1
137.4
209.4
165.9
151.1
187.6
191.7
123.5
218.4
232.3
351.0
210.2
141.7
158.0
182.6
159.7
193.6
173.3
133.1
150.1
165.1
173.1
162.5
332.0
176.0
181.4
199.2
145.1
128.4
173.7
173.0
221.5
176.2
135.3
631.5
153.3
182.1
141.4
157.5
157.1
214.3
167.9
223.8
198.1
237.1
149.7
187.5
149.0
182.8
159.1
140.7
235.9
151.1
138.4
160.4
169.8
150.6
147.4
159.9
149.3
599.0
177.8
174.4
211.6
215.8
138.0
264.9
193.4
164.2
142.2
138.1
202.5
125.4
137.2
142.5
122.8
195.4
291.1
206.9
129.7
136.6
231.6
154.6
151.4
158.4
140.7
157.9
226.5
171.2
182.3
161.1
145.0
125.2
414.0
166.8
190.2
173.4
222.5
139.3
190.4
134.9
213.8
173.0
168.1
280.4
137.8
190.3
203.7
178.1
194.4
144.0
193.3
172.2
172.8
158.5
246.6
348.5
146.8
154.7
182.8
172.9
412.6
316.3
175.2
213.9
150.0
216.4
133.0
156.0
338.4
154.6
170.1
172.7
197.7
140.3
146.6
190.6
159.5
240.8
168.8
179.6
182.3
234.8
172.3
160.9
212.8
316.3
169.8
200.8
214.9
230.6
242.0
189.8
224.1
223.8
222.4
756.1
144.7
132.2
161.8
167.3
169.5
131.7
172.3
364.7
204.1
330.3
202.4
243.9
179.5
194.5
163.1
246.0
150.0
184.5
119.8
168.1
187.7
158.4
217.6
723.4
156.8
148.8
140.1
133.7
155.7
231.2
204.2
440.4
341.9
171.4
185.0
188.8
229.5
173.2
158.1
227.4
158.6
156.7
226.0
174.9
229.7
200.5
195.4
177.3
545.8
141.3
116.4
403.8
201.3
159.6
191.6
171.7
183.9
148.9
187.7
200.8
225.3
169.1
135.0
549.1
166.7
170.0
150.0
189.1
166.2
169.0
161.9
296.1
202.8
158.3
407.1
143.9
211.8
169.2
192.6
171.4
381.7
210.9
143.9
164.6
178.8
188.5
194.5
180.3
170.1
176.8
359.4
131.1
220.6
233.4
162.4
167.9
128.4
184.8
482.6
459.2
154.8
152.9
169.8
198.9
174.4
162.0
194.1
266.8
220.8
196.9
251.8
173.6
207.1
175.2
181.0
154.4
173.0
172.4
166.8
148.9
461.7
204.8
138.3
388.1
175.4
182.9
157.2
101.3
373.7
198.0
176.9
155.7
151.0
176.7
246.1
233.8
188.9
167.4
202.0
204.0
255.0
213.3
137.4
233.7
350.4
168.3
201.5
187.5
272.4
205.4
178.9
197.5
118.8
174.3
368.1
193.9
172.9
373.7
170.8
335.6
190.5
162.7
172.0
250.6
210.1
165.5
384.7
202.4
342.7
160.9
211.9
147.2
170.1
181.9
187.1
153.2
196.3
148.4
214.9
135.4
203.0
141.1
159.6
225.1
377.2
164.7
170.6
379.0
138.9
236.1
206.0
558.4
162.1
190.1
174.7
158.4
247.6
173.7
195.4
204.4
343.5
134.0
314.8
130.3
166.4
201.5
179.1
161.9
195.4
456.4
164.4
216.8
218.0
179.7
189.0
187.7
152.2
607.9
153.9
319.5
190.7
396.1
203.0
157.4
168.4
383.1
199.9
354.9
161.7
233.2
165.8
176.0
157.1
184.4
204.6
135.5
279.1
168.7
204.1
161.0
155.4
177.7
195.5
153.6
155.4
165.1
186.3
128.7
292.4
173.9
158.3
182.2
158.9
185.6
180.8
261.1
149.0
157.2
353.0
245.5
146.9
243.7
199.1
381.7
363.5
126.9
163.6
650.2
176.4
197.3
195.9
157.0
134.6
686.7
196.4
320.5
142.5
256.6
189.3
141.9
168.6
186.9
237.8
130.7
152.0
150.6
153.9
170.2
157.8
150.2
171.4
158.5
245.9
348.8
190.3
134.3
223.9
157.2
171.3
147.5
173.1
151.2
161.2
158.9
203.6
157.6
165.3
359.7
155.6
151.7
161.4
153.3
129.5
196.1
176.7
211.5
187.7
296.9
300.4
182.0
120.1
529.2
159.9
236.2
185.4
194.5
166.4
236.0
300.8
360.8
140.3
198.1
155.9
222.7
400.6
162.9
278.5
178.8
280.7
397.4
247.3
156.5
221.5
177.1
203.6
429.2
329.4
143.2
183.1
318.6
179.9
159.1
144.0
167.6
301.9
172.6
450.9
186.3
163.9
185.2
136.9
346.8
161.4
149.2
162.1
201.7
187.0
177.8
374.5
124.4
148.0
185.8
154.0
560.5
146.8
158.4
169.2
197.7
137.5
157.8
131.5
156.1
236.4
173.2
161.2
234.1
155.5
214.5
211.2
207.2
159.6
190.7
383.0
214.6
173.6
176.8
177.5
186.2
161.6
413.2
138.9
166.2
167.3
191.3
415.5
218.7
165.1
210.1
143.2
173.0
167.8
135.4
176.9
224.1
374.6
620.8
125.0
152.3
230.7
168.9
138.5
201.3
161.6
193.9
127.1
187.9
231.5
196.7
235.9
172.0
220.6
164.2
135.0
155.8
171.5
400.2
183.7
241.6
164.0
209.5
188.4
172.2
182.1
216.4
168.9
153.0
225.4
483.6
170.3
146.5
181.9
144.0
154.2
194.7
225.3
206.5
218.1
326.9
174.9
152.5
357.2
171.9
150.0
145.8
411.3
157.4
155.7
390.1
251.7
171.8
184.2
161.1
200.8
126.9
193.3
179.6
149.7
136.7
203.3
154.0
146.0
144.3
175.8
186.7
153.7
375.4
216.7
127.2
124.3
168.6
167.4
380.4
229.7
201.7
163.0
172.5
189.6
506.0
173.4
176.6
204.1
148.3
178.8
159.5
157.3
339.8
360.8
224.1
141.1
160.6
173.0
149.2
348.8
231.7
204.2
367.1
126.4
167.0
150.6
251.1
164.8
341.8
147.2
256.3
234.6
146.3
183.4
173.3
175.2
128.8
152.3
140.8
164.9
148.5
187.6
151.2
173.8
215.4
133.7
575.2
144.5
143.8
167.8
349.7
167.0
176.3
173.9
158.9
211.2
152.6
145.6
135.8
151.9
124.4
195.0
136.6
432.8
169.7
159.4
167.4
141.0
174.5
150.7
155.5
166.7
146.3
191.8
129.0
174.8
178.8
164.6
261.3
