134.4
2409.3
284.2
578.5
632.3
932.0
440.1
402.5
291.4
124.0
300.1
758.1
526.0
926.6
121.5
805.2
727.5
751.3
371.3
912.4
141.7
481.1
402.2
3893.2
729.4
1967.9
465.5
593.2
858.9
280.4
404.2
163.9
145.5
520.7
728.9
157.2
891.9
150.5
756.9
775.8
301.0
1436.9
134.9
827.5
1353.7
470.4
135.7
736.7
385.1
147.3
137.5
586.2
2853.0
279.5
903.3
119.7
162.9
140.5
421.8
146.5
853.2
114.3
673.1
461.9
2679.2
127.5
848.3
660.5
1950.8
139.5
153.4
160.8
582.4
140.7
946.1
126.8
930.9
120.9
114.6
712.3
506.9
1512.7
544.0
126.1
925.7
157.2
958.6
831.5
273.4
583.4
114.0
696.4
610.3
157.2
490.5
835.3
830.2
611.3
269.6
433.9
416.1
441.7
867.3
609.1
261.6
288.5
1790.3
580.2
497.4
286.4
498.1
447.1
956.5
900.3
937.3
667.3
445.1
490.4
749.9
2546.9
151.4
832.2
732.8
159.2
270.8
438.9
308.8
930.0
429.6
122.6
490.0
281.9
1059.8
156.8
673.4
120.9
469.5
2409.8
1364.4
265.8
448.8
170.1
751.4
666.5
289.2
146.1
143.9
134.7
837.2
154.5
404.8
1079.5
661.4
768.6
303.1
130.0
133.1
782.8
888.7
133.8
158.8
132.9
132.7
122.0
568.2
159.5
282.6
357.1
268.6
141.7
303.0
916.1
869.7
121.6
880.4
277.0
116.5
1242.0
570.6
381.0
148.8
457.6
455.6
275.9
1626.6
1215.2
303.7
769.6
1043.0
477.3
285.8
863.4
765.5
125.8
506.6
1500.4
928.2
422.0
396.9
881.9
727.4
144.2
1488.7
920.0
149.5
145.2
271.2
656.9
280.6
304.5
515.9
154.9
123.2
365.8
120.2
274.0
156.5
862.9
1056.8
293.2
1057.3
653.1
304.3
130.6
900.3
697.5
110.1
712.2
452.8
664.5
159.7
374.3
566.0
825.9
125.9
742.1
158.1
108.3
1135.3
150.0
1057.6
154.1
726.3
304.6
472.6
541.9
412.3
1661.4
799.0
128.3
147.3
531.5
515.9
758.3
162.7
151.0
165.9
780.9
139.8
813.2
1214.8
114.0
715.5
744.4
459.1
485.4
154.5
370.9
156.7
139.4
694.0
2708.4
268.9
132.8
639.4
719.5
1402.3
1805.8
163.0
554.2
282.6
148.9
705.7
373.2
932.3
572.7
952.5
299.5
1337.5
865.6
416.6
392.6
135.0
308.3
139.2
660.2
433.3
646.5
136.7
128.6
159.9
158.5
628.7
492.9
137.9
566.5
149.7
146.8
550.8
143.5
131.2
156.1
593.7
135.9
1291.4
1238.5
495.5
263.9
159.8
426.5
884.0
680.3
140.3
299.1
460.6
379.8
126.4
1524.9
145.1
157.5
141.9
825.1
457.0
287.0
136.0
147.7
1786.7
599.5
144.1
731.6
730.8
401.8
582.4
185.3
565.9
753.1
902.6
757.8
849.4
126.4
1182.8
1103.5
843.6
606.9
271.5
910.7
558.7
396.8
163.3
3007.9
282.5
158.0
608.4
159.4
390.0
523.6
128.1
539.7
708.0
871.9
590.6
297.8
828.4
149.4
486.8
525.2
366.0
274.6
111.8
394.4
4222.8
583.2
622.8
134.5
143.1
663.2
636.3
170.0
291.3
893.2
153.3
708.7
501.2
2709.0
903.9
147.9
151.5
161.4
906.1
624.1
420.8
412.0
869.4
616.1
704.8
152.5
567.5
123.7
129.2
160.6
749.7
158.7
439.8
1729.9
394.2
314.9
433.1
757.6
160.3
129.4
690.0
821.8
942.0
583.8
141.7
398.1
313.6
144.0
786.0
398.6
158.4
612.9
561.8
151.5
309.2
483.1
753.4
898.4
127.2
113.7
300.7
278.6
161.7
461.5
448.9
137.3
901.9
297.8
182.9
309.0
1247.9
493.8
794.3
140.5
1269.1
160.5
116.3
458.0
153.4
6309.1
309.2
129.3
828.0
816.9
126.5
297.2
311.6
309.9
472.4
586.4
157.6
807.3
294.6
124.7
755.1
1058.7
480.6
897.3
798.2
302.2
696.2
1070.0
616.8
1827.3
794.8
1060.1
568.5
127.9
676.6
780.8
145.4
442.1
805.0
146.9
1237.0
288.1
115.2
705.1
151.9
303.0
613.3
460.0
873.1
905.6
163.6
743.0
123.3
298.0
610.7
285.2
275.4
1511.3
778.8
173.4
499.8
465.9
860.1
409.2
117.9
1353.8
769.6
138.6
156.8
501.7
726.5
950.9
712.3
282.0
639.4
141.6
600.7
1454.2
115.4
627.9
950.9
2541.5
163.7
705.8
938.4
161.7
4210.2
786.8
4362.6
146.9
1506.0
524.0
160.9
956.5
608.5
285.9
163.0
562.6
160.9
141.2
396.1
950.6
271.6
281.3
268.4
292.2
580.8
770.3
832.6
592.1
161.7
433.8
129.1
125.6
508.8
161.1
144.8
750.2
127.8
129.1
605.4
916.2
931.1
275.0
160.2
3008.2
130.9
130.6
149.4
743.7
142.2
433.9
169.3
528.8
483.3
154.2
379.1
1956.9
130.3
119.5
798.9
556.5
480.8
677.5
423.2
363.5
709.4
725.2
276.7
148.3
644.9
132.8
1216.4
905.7
278.1
605.4
662.8
506.2
147.1
123.2
127.6
601.1
875.1
528.7
121.2
653.3
150.9
294.4
371.7
608.4
265.0
1215.1
153.9
709.3
475.6
287.9
140.5
286.4
113.5
893.2
147.6
2104.5
1210.2
126.7
133.1
158.0
318.3
557.7
598.6
1510.8
267.4
909.5
127.5
837.0
945.6
882.3
444.4
589.3
774.5
694.6
853.3
136.1
285.3
126.9
149.3
3603.4
851.9
732.9
127.7
885.1
141.1
853.8
775.0
439.0
376.7
313.6
418.5
548.0
913.5
131.0
514.6
547.0
1654.5
402.0
117.2
119.2
124.5
406.2
472.3
125.9
604.5
466.7
702.6
610.3
407.3
150.9
140.7
119.8
295.8
645.0
716.0
662.8
152.5
296.8
133.7
138.9
1351.9
161.9
723.5
2251.2
747.4
800.6
3158.4
132.9
165.4
424.6
155.1
909.5
587.7
152.0
725.2
649.8
769.0
582.4
752.4
151.2
665.8
875.2
123.7
835.8
766.4
126.1
441.4
120.7
598.8
386.1
880.8
151.5
403.4
450.8
132.3
941.6
405.2
315.1
666.0
422.0
304.3
957.7
159.7
268.9
829.7
279.0
114.8
139.7
889.8
144.5
1191.5
419.8
166.4
646.4
843.2
160.5
137.9
1118.6
311.1
1979.7
462.8
130.8
806.3
513.4
807.0
120.0
833.7
564.4
2555.0
1951.1
805.1
820.6
147.6
847.8
404.0
126.1
677.1
415.9
119.2
896.6
879.4
605.4
783.3
847.8
284.8
309.9
576.4
1057.6
682.0
132.4
279.6
299.6
922.9
154.2
266.8
149.9
134.3
857.3
124.0
843.5
759.1
305.5
802.1
123.9
279.5
638.0
315.0
303.4
913.3
119.2
656.8
755.3
463.3
770.8
136.4
715.2
793.5
2692.0
131.9
756.6
387.8
605.8
156.8
606.0
142.3
299.0
122.2
1361.5
409.4
148.1
109.3
137.5
797.5
131.6
1180.3
580.9
266.5
286.0
142.5
298.7
547.2
942.9
137.4
