192.8
333.3
163.0
151.9
164.8
183.2
185.4
177.2
386.7
331.7
184.5
336.9
146.5
207.6
156.8
168.6
179.2
155.8
210.8
147.0
161.9
158.7
217.6
91.0
168.0
180.2
173.5
243.2
180.9
346.2
153.9
165.5
147.3
170.7
384.9
169.5
241.5
202.4
170.0
165.0
179.3
151.6
194.8
179.3
219.6
213.9
392.4
188.8
133.5
164.9
167.5
241.3
298.8
151.1
179.5
141.6
196.5
163.9
180.1
219.0
381.6
188.2
182.4
219.7
179.7
187.4
216.7
186.3
146.3
169.5
283.2
196.6
236.1
161.9
190.5
185.0
113.7
224.3
175.6
206.6
176.6
136.6
160.6
191.1
144.6
160.0
209.5
198.7
286.3
368.1
403.3
188.5
162.3
177.9
200.2
236.8
162.3
213.1
222.1
140.6
150.8
148.9
189.0
170.5
196.7
136.1
156.7
195.9
172.1
79.7
132.6
156.6
168.6
154.1
170.5
162.5
176.9
140.6
257.3
217.7
157.2
156.3
321.4
163.5
250.6
187.5
384.8
188.7
171.8
151.9
183.6
93.5
152.4
101.3
152.2
165.6
241.2
200.0
363.4
186.7
247.6
134.7
185.7
143.8
345.9
155.2
157.9
157.9
119.9
193.1
365.9
336.7
142.2
173.3
536.4
161.5
132.3
341.4
142.4
197.0
157.8
256.6
126.0
133.7
146.2
165.7
391.4
186.3
173.1
163.0
198.3
398.5
158.1
204.0
172.6
196.0
160.0
215.3
189.4
230.3
586.0
157.1
172.8
164.0
184.6
75.7
160.8
217.4
157.3
528.6
179.2
180.9
174.4
156.9
57.9
164.9
188.7
191.1
150.0
129.6
255.3
127.9
76.2
149.8
339.5
178.5
136.2
207.7
167.6
197.2
151.2
165.5
175.0
341.5
171.6
185.9
126.3
121.2
144.0
383.5
413.1
152.2
242.3
177.6
220.1
167.5
134.3
129.7
232.7
148.4
216.8
198.3
167.9
165.8
161.0
150.7
158.7
189.8
170.7
153.8
125.8
202.3
200.5
161.5
152.0
173.5
216.2
431.1
155.2
190.7
119.1
139.9
304.7
383.4
362.5
229.1
183.0
188.3
129.9
181.7
388.3
166.0
174.4
139.0
180.2
195.8
378.0
162.1
144.1
379.9
157.3
260.7
230.5
436.6
143.1
143.7
180.2
162.2
202.5
190.0
194.0
166.6
172.2
190.2
167.0
244.3
166.4
350.4
222.5
204.0
209.4
345.4
182.3
220.1
129.7
101.0
142.0
369.9
150.7
161.6
139.1
186.9
157.7
211.1
191.9
153.8
224.2
145.1
209.2
97.0
176.9
159.1
217.5
244.1
246.6
231.8
135.2
168.5
125.1
152.0
147.6
239.6
319.5
154.7
170.3
165.5
165.7
148.6
234.6
158.3
166.3
211.3
165.8
116.6
152.9
96.3
128.5
137.9
186.3
165.4
204.0
426.8
170.8
162.7
205.0
159.4
239.0
152.9
150.8
399.8
184.3
162.6
165.8
185.2
148.3
233.8
79.7
363.9
154.2
162.1
208.7
161.7
203.5
139.5
351.8
166.7
171.2
330.5
161.0
211.7
162.9
128.4
369.8
176.9
194.1
409.4
145.1
551.4
141.2
143.8
149.9
180.0
146.8
254.3
219.3
163.4
265.8
162.3
230.7
175.5
150.0
139.8
177.1
215.7
147.6
208.2
190.9
170.0
210.5
175.9
164.1
195.1
123.9
251.9
172.8
325.5
158.9
206.3
180.7
167.3
153.2
167.4
136.0
193.3
196.0
223.9
238.3
157.3
308.7
206.1
215.8
82.0
156.4
169.7
176.0
131.9
227.7
162.6
84.2
204.5
175.5
210.4
138.2
186.6
133.6
531.4
145.0
257.1
129.1
169.9
137.0
198.1
168.1
374.1
396.5
150.8
142.0
175.4
169.2
148.3
167.6
176.8
362.5
403.3
581.6
155.5
147.8
221.1
143.8
153.8
117.7
170.1
160.2
212.7
157.0
169.3
169.3
189.1
135.9
366.3
203.2
171.1
333.0
373.1
131.0
339.6
127.8
207.5
182.7
216.6
158.8
233.4
159.3
138.5
231.0
294.3
180.0
173.0
131.3
145.5
193.4
201.8
152.1
174.4
128.2
160.9
151.4
228.1
155.3
143.8
179.7
141.0
163.1
176.0
178.7
166.6
438.0
373.6
200.7
156.6
390.1
146.9
199.8
160.5
147.3
199.5
96.6
175.6
315.1
154.4
246.2
172.0
343.6
435.4
162.3
145.4
180.8
260.2
222.7
171.8
207.3
177.4
150.5
187.3
231.0
256.3
250.5
462.5
163.3
142.6
174.1
157.7
120.6
182.7
350.4
341.5
383.2
183.3
168.2
151.3
162.8
162.9
171.3
230.0
159.4
210.2
222.6
196.2
180.2
534.3
397.6
212.3
184.3
111.5
362.5
126.4
223.9
204.1
185.1
181.0
131.1
179.2
139.4
138.5
239.7
179.9
199.5
213.3
304.3
152.1
179.5
178.6
180.1
377.9
211.5
174.8
178.1
257.3
294.9
140.2
153.1
170.4
173.7
211.2
132.1
255.3
187.8
199.8
145.7
378.7
121.5
170.7
180.7
240.1
358.5
185.1
156.2
234.9
190.1
193.5
184.3
322.4
143.5
131.2
187.3
357.2
169.9
167.3
145.1
154.3
362.6
132.7
226.5
167.7
157.8
305.3
261.3
171.0
156.3
522.3
182.2
204.0
180.4
195.1
158.2
156.3
170.2
222.7
584.2
225.4
167.0
161.7
165.9
275.8
139.1
143.5
211.4
166.3
189.8
154.6
160.5
141.8
132.3
171.2
157.1
164.6
189.5
367.2
163.9
140.5
344.9
154.9
154.8
180.7
176.5
141.3
138.9
159.4
193.8
186.4
383.1
234.0
147.8
175.1
178.1
136.2
199.3
172.6
254.4
161.1
144.7
117.6
136.0
218.7
133.1
166.8
163.8
155.8
252.2
207.4
199.4
156.0
181.2
144.0
162.9
156.6
335.7
146.2
147.8
178.7
146.6
165.8
175.4
137.7
169.9
236.7
177.4
206.7
468.9
240.5
180.7
116.0
177.6
162.4
331.6
477.7
159.7
178.9
172.8
98.3
173.1
164.3
185.8
280.5
167.2
190.4
152.5
173.5
267.4
171.0
182.5
142.7
155.3
171.1
262.5
131.7
186.2
160.7
211.5
209.3
151.4
206.8
150.3
130.3
164.4
140.4
202.4
91.3
129.8
180.6
138.4
142.4
176.0
153.6
128.8
174.1
153.3
138.8
185.8
507.2
113.1
169.4
129.5
207.0
200.8
226.3
181.1
172.4
169.1
155.3
180.4
166.1
123.7
379.4
193.3
197.8
177.8
298.8
411.5
173.4
150.2
199.8
145.9
244.1
195.8
192.9
141.1
225.8
163.6
225.7
247.6
143.4
165.1
165.8
182.5
385.2
186.4
397.9
152.6
343.3
150.3
174.7
157.8
175.6
173.8
196.2
185.1
152.4
128.2
125.5
184.0
153.1
179.4
121.5
162.7
153.7
156.9
180.4
191.1
165.5
349.3
145.3
145.4
188.9
180.6
136.1
128.8
194.1
208.3
198.2
121.4
108.1
167.7
204.2
206.1
146.4
158.9
140.8
168.6
151.4
171.9
157.0
259.0
169.7
330.1
149.3
225.9
153.6
149.1
197.4
234.2
155.4
144.6
314.5
184.1
225.9
161.5
134.8
182.0
173.7
183.4
177.5
171.6
422.0
249.6
166.4
351.3
159.5
161.3
200.0
132.7
191.4
250.9
368.6
212.6
157.4
168.0
130.8
137.1
181.3
181.1
185.4
173.8
141.6
221.9
208.4
146.3
134.2
162.4
219.5
341.2
167.0
159.5
155.2
128.5
221.9
150.2
224.4
150.5
139.9
522.4
221.3
210.9
199.5
197.3
226.6
210.7
179.1
193.8
164.0
189.3
525.7
178.9
141.8
108.9
165.0
490.5
183.6
145.0
178.7
182.9
128.0
225.8
160.7
140.1
197.5
179.8
220.6
161.3
220.9
208.0
194.7
155.4
129.1
204.6
173.0
103.1
236.0
127.3
123.8
160.4
172.9
173.7
101.8
322.6
194.4
154.3
366.2
173.7
202.3
162.8
162.0
222.1
113.9
188.0
177.4
169.3
154.2
165.2
171.7
147.4
322.5
323.4
250.4
164.0
156.1
166.9
157.6
170.9
197.2
216.9
173.2
160.3
157.8
170.7
172.1
174.0
169.0
183.6
168.3
205.5
148.0
157.8
120.1
244.5
172.2
191.1
180.4
211.1
234.3
164.8
232.9
182.4
168.3
133.5
168.6
186.1
191.9
179.2
113.6
228.3
182.0
186.9
183.8
155.3
165.1
190.4
180.5
136.1
163.9
142.8
132.4
82.5
172.3
143.8
165.9
175.8
144.6
137.1
138.7
232.3
216.0
135.4
193.9
149.0
361.4
167.2
201.4
259.5
168.4
166.6
186.1
146.4
127.0
184.2
131.9
161.4
204.9
181.1
198.4
182.5
368.1
132.1
218.4
199.1
161.5
130.8
164.8
180.4
173.2
161.3
115.8
170.8
315.6
200.1
145.7
159.3
165.0
188.4
175.4
314.0
148.3
205.1
191.6
160.3
311.8
182.7
142.3
156.6
152.2
153.2
374.0
197.1
140.6
200.4
150.9
128.9
197.4
374.2
158.7
155.4
146.2
340.2
148.5
141.7
191.2
151.6
136.1
168.4
175.2
168.8
198.2
221.8
362.4
149.6
145.6
198.1
182.0
145.9
164.2
195.5
155.8
145.5
165.7
191.7
172.5
156.3
197.2
203.2
181.7
177.4
172.0
181.5
150.9
176.2
161.5
192.2
118.1
143.5
203.0
129.7
153.2
174.5
127.2
176.6
191.3
159.5
283.8
206.6
184.5
131.7
105.4
193.7
187.6
407.0
154.8
127.6
180.8
161.8
159.8
219.6
192.6
170.0
173.5
150.5
170.7
213.4
172.9
164.0
229.1
166.0
186.4
162.6
410.4
176.1
142.4
182.7
367.5
164.9
198.9
186.6
416.0
166.6
134.7
167.7
171.3
367.8
172.2
142.2
152.7
221.7
175.0
144.2
166.3
160.6
206.9
194.7
409.1
214.5
171.3
193.3
183.4
175.5
158.1
171.3
188.6
151.0
318.9
165.8
305.4
159.2
154.3
168.2
187.8
155.3
138.7
174.3
408.3
329.8
190.5
194.3
158.9
219.9
150.9
240.0
159.2
173.6
142.7
159.6
289.4
169.9
158.3
169.5
160.6
135.0
217.8
116.8
207.0
209.5
142.8
142.1
183.4
236.6
237.1
178.3
212.7
396.9
241.3
128.6
162.3
153.7
172.2
155.1
173.5
646.7
192.8
180.9
155.4
210.6
199.3
174.8
167.5
167.7
408.6
135.7
218.0
178.1
169.5
165.4
137.7
156.4
229.4
229.8
402.8
158.2
125.2
226.7
386.8
146.2
233.7
178.7
174.8
159.6
193.1
255.4
218.2
234.8
123.1
226.9
124.0
148.9
340.2
195.1
205.1
158.7
181.2
161.8
135.1
490.7
168.5
157.7
180.6
169.1
208.1
183.4
147.8
143.5
165.3
177.0
333.5
147.3
206.5
153.0
172.1
89.4
134.3
237.0
183.4
160.1
176.7
335.3
168.6
133.6
165.7
214.3
218.6
197.0
153.2
172.7
163.7
588.4
131.6
170.3
169.8
127.0
166.6
132.1
192.3
146.5
153.4
148.7
150.0
177.3
183.3
356.7
175.9
164.1
178.6
171.6
163.5
153.7
185.1
171.6
135.8
165.6
285.8
181.0
189.2
134.9
317.7
291.2
253.1
187.8
157.7
164.1
238.3
176.9
177.2
170.0
204.8
158.3
171.9
167.6
368.6
154.9
324.7
216.6
199.7
118.2
183.4
145.8
224.7
239.5
334.4
176.1
123.8
168.0
163.5
165.1
136.6
165.1
231.6
119.0
160.6
145.2
119.4
423.8
188.9
160.2
141.3
201.2
133.1
134.0
173.6
162.9
182.7
181.0
137.0
151.0
131.7
189.9
330.3
185.7
170.8
153.1
166.4
188.5
166.8
151.8
168.0
137.1
212.7
352.1
148.0
161.0
163.0
423.6
161.4
181.9
169.4
172.3
220.1
123.7
155.8
98.1
158.8
170.6
129.7
174.2
135.1
246.4
396.2
140.8
209.4
128.7
220.3
163.4
318.3
180.5
161.8
153.4
183.2
177.7
175.2
142.3
202.8
182.4
181.3
149.2
143.6
137.1
178.0
330.5
149.9
187.4
133.5
174.1
146.9
384.7
154.3
126.7
184.7
184.7
150.8
170.5
186.6
170.8
350.6
165.2
148.6
246.3
198.3
172.4
126.0
142.8
183.6
164.1
383.8
193.0
125.1
140.3
153.7
146.9
178.2
154.9
160.6
154.8
139.5
146.5
155.4
204.2
154.9
341.8
299.2
204.2
183.9
136.9
158.5
364.6
337.9
197.7
182.7
156.3
188.9
132.1
241.2
151.3
204.7
414.2
404.7
143.7
160.9
138.5
192.0
134.2
253.0
133.1
162.8
212.2
210.9
158.2
163.8
112.2
462.7
145.0
192.0
129.6
196.2
154.5
206.5
136.0
153.7
175.5
237.7
180.7
183.5
184.0
222.0
88.2
160.5
165.5
94.1
216.2
176.5
161.9
167.5
121.3
192.3
217.7
218.4
232.3
351.0
210.2
141.7
158.0
182.6
159.7
193.6
173.3
133.1
150.1
165.1
173.1
162.5
332.0
176.0
181.4
199.2
145.1
128.4
173.7
173.0
221.5
176.2
135.3
161.4
513.0
120.1
321.6
149.7
179.3
405.5
211.2
159.6
160.0
214.3
114.7
222.2
287.6
140.4
205.5
190.7
172.9
136.8
168.0
117.2
167.5
142.1
182.8
159.1
140.7
235.9
151.1
138.4
160.4
169.8
150.6
147.4
159.9
149.3
593.4
131.2
114.3
330.5
188.2
161.0
163.9
166.6
120.2
311.3
210.6
179.9
182.6
374.2
92.2
140.7
366.4
220.5
138.5
164.5
358.9
152.6
158.4
140.7
157.9
226.5
171.2
525.4
185.4
203.9
166.7
177.7
118.8
404.6
130.1
139.3
190.4
134.9
213.8
120.7
170.0
143.8
128.9
143.7
239.6
220.9
135.5
178.7
146.1
186.3
161.2
176.9
194.4
144.0
193.3
183.4
158.0
186.8
238.6
192.9
147.8
153.1
138.2
470.6
213.9
150.0
216.4
133.0
156.0
338.4
154.6
119.4
177.3
197.7
140.3
146.6
190.6
159.5
240.8
168.8
179.6
182.3
234.8
172.3
160.9
212.8
312.6
169.8
200.8
115.5
233.9
155.1
183.4
193.3
117.1
222.4
555.9
266.4
133.8
201.8
166.7
141.5
156.9
211.7
175.4
165.2
156.2
165.3
179.5
194.5
163.1
246.0
150.0
184.5
119.8
168.1
187.7
158.4
217.6
413.0
133.7
463.9
161.2
171.2
320.5
178.4
155.7
199.5
155.2
139.9
179.6
138.5
104.8
199.8
163.6
394.3
231.5
248.3
206.3
162.5
361.0
163.3
339.0
331.9
107.1
155.0
204.0
347.1
270.6
153.2
181.6
164.3
249.7
156.0
166.2
169.0
161.9
296.1
202.8
158.3
401.9
224.0
118.3
192.2
133.3
169.9
158.7
171.4
381.7
210.9
143.9
164.6
178.8
188.5
177.4
156.4
202.7
124.9
125.3
363.2
190.3
127.2
147.8
154.7
156.9
174.4
345.1
95.9
161.3
164.9
148.7
157.5
135.7
142.9
174.4
162.0
194.1
252.1
192.2
163.6
211.8
300.9
141.7
179.6
181.0
154.4
173.0
172.4
166.8
148.9
461.7
204.8
138.3
388.1
175.4
138.9
207.2
187.5
198.0
176.9
155.7
151.0
176.7
246.1
233.8
188.9
167.4
202.0
204.0
255.0
213.3
137.4
179.6
92.7
162.3
173.5
154.3
187.5
272.4
205.4
178.9
197.5
118.8
129.3
194.1
143.0
188.1
312.1
157.3
190.5
162.7
172.0
250.6
210.1
165.5
384.7
202.4
138.6
165.5
202.7
109.8
153.0
160.8
170.1
181.9
187.1
153.2
121.1
366.2
269.1
188.9
159.6
142.6
174.2
199.5
140.0
367.1
161.4
207.4
140.9
163.2
114.6
138.2
148.8
226.5
114.7
171.7
124.1
252.9
158.0
302.3
194.1
153.1
350.1
232.8
166.4
201.5
179.1
161.9
195.4
129.8
148.2
134.7
148.0
173.0
380.0
214.1
148.8
171.3
185.4
163.3
145.4
333.6
132.1
168.4
383.1
199.9
50.1
165.2
191.3
155.9
397.4
147.8
205.8
136.6
204.1
161.0
155.4
177.7
195.5
153.6
155.4
165.1
186.3
128.7
292.4
173.9
158.3
182.2
158.9
185.6
180.8
278.1
164.0
208.8
201.9
195.3
237.5
381.9
363.7
127.2
163.9
650.4
73.3
157.0
134.6
354.0
156.0
158.0
183.0
145.9
210.5
152.0
177.6
159.5
363.6
237.8
130.7
152.0
150.6
153.9
170.2
157.8
150.2
171.4
158.5
245.9
348.8
190.3
134.3
223.9
157.2
123.6
169.5
173.3
164.1
119.9
138.1
179.1
161.2
158.9
203.6
157.6
165.3
359.7
155.6
139.1
169.3
216.8
364.8
196.1
176.7
211.5
187.7
296.9
219.5
173.6
154.3
155.3
127.1
147.0
187.6
166.4
236.0
300.8
360.8
140.3
198.1
155.9
222.7
400.6
162.9
245.1
128.0
189.4
358.6
261.0
185.2
203.8
178.1
183.1
321.2
205.8
198.8
191.9
129.5
149.6
185.4
159.0
162.2
108.7
322.2
139.7
136.9
346.8
161.4
149.2
126.4
193.9
195.6
158.6
162.0
208.7
211.3
136.2
148.8
186.5
124.4
148.0
185.8
154.0
560.5
146.8
158.4
169.2
126.5
219.7
158.1
174.8
143.1
130.4
178.6
173.2
161.2
234.1
155.5
97.6
179.5
142.4
132.1
160.4
157.6
177.5
186.2
161.6
410.0
86.6
144.5
139.5
149.9
192.8
210.1
143.2
173.0
167.8
135.4
176.9
224.1
374.6
176.6
164.4
181.8
152.3
230.7
168.9
138.5
201.3
161.6
193.9
127.1
187.9
153.0
220.6
92.2
171.7
171.8
160.5
419.1
206.1
162.8
143.3
179.4
172.2
182.1
216.4
168.9
153.0
225.4
93.2
255.1
174.6
169.9
158.8
146.5
181.9
144.0
154.2
194.7
225.3
141.0
211.8
142.4
180.0
202.8
181.8
357.2
171.9
150.0
102.5
234.6
111.7
208.2
119.2
128.0
162.4
209.9
400.0
161.1
200.8
126.9
193.3
179.6
149.7
136.7
203.3
154.0
307.4
190.0
191.0
632.6
89.4
375.4
216.7
127.2
124.3
168.6
167.4
380.4
229.7
201.7
163.0
172.5
189.6
225.9
173.4
176.6
204.1
148.3
178.8
159.5
157.3
339.8
360.8
224.1
141.1
133.0
151.3
173.0
149.2
83.3
388.8
204.5
210.7
234.8
321.7
98.8
182.9
182.9
257.4
341.8
147.2
256.3
234.6
146.3
174.3
167.1
133.1
214.2
188.9
148.5
187.6
151.2
173.8
215.4
133.7
575.2
144.5
143.8
167.8
349.7
130.3
174.4
173.7
133.8
217.3
226.7
184.7
182.9
135.8
151.9
124.4
195.0
136.6
369.0
249.2
155.1
130.8
224.3
132.5
177.2
198.1
151.9
309.4
181.2
146.0
169.2
195.6
